65
4 6 2271224666368145
650920191250544 3690753017565881 4021727189586015
725831654114702 4541733210835335 2742887072719959
3626621529746551 3995165959615617 3319701929960343
2407 4810 850600912749360
10 13 3337041873753082
74116 111994 1493371909130523
26597 37816 4245730305851899
48878 70096 1422160026469748
10 17 370045965243845
1000000000000 1 1
10 10 4042027009034951
10 13 11234567890
1 1 1000000000000
5 8 550103143310362
6396320710057362 7814230344468181 3183274048075890
3865717696012301 6136029900710052 3321279115901350
1 1000000000000 1
5 9 9152845331581750
5 7 4495587747091262
25878 28689 9188723367817961
99838 101928 3638110057611840
9545048558841825 6899255672076999 9272818149758853
7 7 6977204123379581
64922 110795 4504704366599950
7 12 6439637337963783
2 3 2
5 1 100
8272 10247 5338458442301888
5089 7407 1785197717173513
6 9 497087563
1 1000000000000 1000000000000
2 2 9825445613196928
6 9 2903294259185990
1 3 100
4 6 7754441745231444
13988 25555 2154753727553324
19716 29416 841088842498107
259149987802241 6689368820300403 3534721002568495
2 3 5
1 1 3771679948420674
314 512 1024
9 9 2395440648063235
9 10 9259928947805118
6761462000443010 904477908128201 3043816924959190
1000000000000 1 1000000000000
1 1 7851116204037232
63664 95087 9775891537969006
9334 14595 5458585253152592
52245 85277 3528041057867931
49127 75508 3693288613316216
314 512 133769420
4 4 4198590241362000
9 17 7379218941168776
60280 106158 382504020903546
4 7 6988873275022466
7861 11257 5477539912208008
13973 26419 3513626523439425
10 13 8839845532190096
4930 6317 3001060110844245
9 15 5802491041437611
4 4 1760792368134037
3 5 840843200459482
59617 76399 8216425361382011
2 3 1
